0 96 98 0 0 0 0 0 0 0 0 0  0 91 93 0 0 0 0 0 0 0 0 0 0 0 0 0 0 0 0 0 0 0 0 0  0 0 0 0 0 0 0 0 0 0 0 0 
0 0 90 92 0 0 0 0 0 0 0 0 0 0 90 92 0 0 0 0 0 0 0 0 0 0 0 0 0 0 0 0 0 0 0 0 0 0 0 0 0 0 0 0 0 0 0 0
0 4 0 0 94 0 0 0 0 0 0 0 0 94 0 0 84 0 0 0 0 0 0 0 0 0 0 0 0 0 0 0 0 0 0 0 0 0 0 0 0 0 0 0 0 0 0 0
0 0 90 0 0 92 0 0 0 0 0 0 0 0 97 0 0 92 0 0 0 0 0 0 0 0 0 0 0 0 0 0 0 0 0 0 0 0 0 0 0 0 0 0 0 0 0 0
0 0 0 97 0 94 0 0 0 0 0 0 0 0 0 97 0 84 0 0 0 0 0 0 0 0 0 0 0 0 0 0 0 0 0 0 0 0 0 0 0 0 0 0 0 0 0 0
0 0 0 0 9 0 0 6 0 0 0 0 0 0 0 0 9 0 0 6 0 0 0 0 0 0 0 0 9 0 0 6 0 0 0 0 0 0 0 0 9 0 0 6 0 0 0 0
0 0 0 0 0 0 0 0 94 0 0 0 0 0 0 0 0 0 0 0 94 0 0 0 0 0 0 0 0 0 0 0 0 0 0 0 0 0 0 0 0 0 0 0 0 0 0 0
0 0 0 0 0 0 0 0 0 0 92 0 0 0 0 0 0 0 0 0 0 0 92 0 0 0 0 0 0 0 0 0 0 0 0 0 0 0 0 0 0 0 0 0 0 0 12 0
0 0 0 0 0 0 0 0 0 0 0 9 0 0 0 0 0 0 0 0 0 0 0 9 0 0 0 0 0 0 0 0 0 0 0 9 0 0 0 0 0 0 0 0 0 0 0 9
0 0 0 0 0 0 0 0 0 0 0 9 0 0 0 0 0 0 0 0 0 0 0 9 0 0 0 0 0 0 0 0 0 0 0 9 0 0 0 0 0 0 0 0 0 0 0 9
0 0 0 0 0 0 0 0 0 0 9 12 0 0 0 0 0 0 0 0 0 0 9 12 0 0 0 0 0 0 0 0 0 0 9 12 0 0 0 0 0 0 0 0 0 0 9 12
0 0 0 0 0 0 0 0 0 0 0 0 0 0 0 0 0 0 0 0 0 0 0 0 0 0 0 0 0 0 0 0 0 0 0 0 0 0 0 0 0 0 0 0 0 0 0 0
0 16 13 0 0 0 0 0 0 0 0 0  0 96 93 0 0 0 0 0 0 0 0 0 0 16 13 0 0 0 0 0 0 0 0 0  0 16 13 0 0 0 0 0 0 0 0 0 
0 0 10 12 0 0 0 0 0 0 0 0 0 0 90 92 0 0 0 0 0 0 0 0 0 0 10 12 0 0 0 0 0 0 0 0 0 0 10 12 0 0 0 0 0 0 0 0
0 4 0 0 14 0 0 0 0 0 0 0 0 4 0 0 94 0 0 0 0 0 0 0 0 4 0 0 14 0 0 0 0 0 0 0 0 4 0 0 14 0 0 0 0 0 0 0
0 0 9 0 0 20 0 0 0 0 0 0 0 0 9 0 0 99 0 0 0 0 0 0 0 0 99 0 0 20 0 0 0 0 0 0 0 0 9 0 0 20 0 0 0 0 0 0
0 0 0 7 0 4 0 0 0 0 0 0 0 0 0 7 0 4 0 0 0 0 0 0 0 0 0 7 0 4 0 0 0 0 0 0 0 0 0 7 0 4 0 0 0 0 0 0
0 0 0 0 9 0 0 6 0 0 0 0 0 0 0 0 9 0 0 6 0 0 0 0 0 0 0 0 9 0 0 6 0 0 0 0 0 0 0 0 9 0 0 6 0 0 0 0
0 0 0 0 0 0 0 0 14 0 0 0 0 0 0 0 0 0 0 0 94 0 0 0 0 0 0 0 0 0 0 0 14 0 0 0 0 0 0 0 0 0 0 0 14 0 0 0
0 0 0 0 0 0 0 0 0 0 12 0 0 0 0 0 0 0 0 0 0 0 92 0 0 0 0 0 0 0 0 0 0 0 92 0 0 0 0 0 0 0 0 0 0 0 12 0
0 0 0 0 0 0 0 0 0 0 0 9 0 0 0 0 0 0 0 0 0 0 0 9 0 0 0 0 0 0 0 0 0 0 0 9 0 0 0 0 0 0 0 0 0 0 0 9
0 0 0 0 0 0 0 0 0 0 0 9 0 0 0 0 0 0 0 0 0 0 0 9 0 0 0 0 0 0 0 0 0 0 0 9 0 0 0 0 0 0 0 0 0 0 0 9
0 0 0 0 0 0 0 0 0 0 9 12 0 0 0 0 0 0 0 0 0 0 9 92 0 0 0 0 0 0 0 0 0 0 9 92 0 0 0 0 0 0 0 0 0 0 9 12
0 0 0 0 0 0 0 0 0 0 0 0 0 0 0 0 0 0 0 0 0 0 0 0 0 0 0 0 0 0 0 0 0 0 0 0 0 0 0 0 0 0 0 0 0 0 0 0
0 16 13 0 0 0 0 0 0 0 0 0  0 16 13 0 0 0 0 0 0 0 0 0 0 96 93 0 0 0 0 0 0 0 0 0  0 96 93 0 0 0 0 0 0 0 0 0 
0 0 10 12 0 0 0 0 0 0 0 0 0 0 10 12 0 0 0 0 0 0 0 0 0 0 90 92 0 0 0 0 0 0 0 0 0 0 90 92 0 0 0 0 0 0 0 0
0 4 0 0 14 0 0 0 0 0 0 0 0 4 0 0 14 0 0 0 0 0 0 0 0 4 0 0 94 0 0 0 0 0 0 0 0 4 0 0 94 0 0 0 0 0 0 0
0 0 9 0 0 20 0 0 0 0 0 0 0 0 9 0 0 20 0 0 0 0 0 0 0 0 9 0 0 99 0 0 0 0 0 0 0 0 99 0 0 90 0 0 0 0 0 0
0 0 0 7 0 4 0 0 0 0 0 0 0 0 0 7 0 4 0 0 0 0 0 0 0 0 0 97 0 94 0 0 0 0 0 0 0 0 0 97 0 94 0 0 0 0 0 0
0 0 0 0 9 0 0 6 0 0 0 0 0 0 0 0 9 0 0 6 0 0 0 0 0 0 0 0 9 0 0 6 0 0 0 0 0 0 0 0 9 0 0 6 0 0 0 0
0 0 0 0 0 0 0 0 14 0 0 0 0 0 0 0 0 0 0 0 14 0 0 0 0 0 0 0 0 0 0 0 94 0 0 0 0 0 0 0 0 0 0 0 14 0 0 0
0 0 0 0 0 0 0 0 0 0 12 0 0 0 0 0 0 0 0 0 0 0 12 0 0 0 0 0 0 0 0 0 0 0 92 0 0 0 0 0 0 0 0 0 0 0 12 0
0 0 0 0 0 0 0 0 0 0 0 9 0 0 0 0 0 0 0 0 0 0 0 9 0 0 0 0 0 0 0 0 0 0 0 98 0 0 0 0 0 0 0 0 0 0 0 9
0 0 0 0 0 0 0 0 0 0 0 9 0 0 0 0 0 0 0 0 0 0 0 9 0 0 0 0 0 0 0 0 0 0 0 99 0 0 0 0 0 0 0 0 0 0 0 99
0 0 0 0 0 0 0 0 0 0 9 12 0 0 0 0 0 0 0 0 0 0 9 12 0 0 0 0 0 0 0 0 0 0 99 92 0 0 0 0 0 0 0 0 0 0 99 92
0 0 0 0 0 0 0 0 0 0 0 0 0 0 0 0 0 0 0 0 0 0 0 0 0 0 0 0 0 0 0 0 0 0 0 0 0 0 0 0 0 0 0 0 0 0 0 0
0 16 13 0 0 0 0 0 0 0 0 0  0 16 13 0 0 0 0 0 0 0 0 0 0 16 93 0 0 0 0 0 0 0 0 0  0 96 93 0 0 0 0 0 0 0 0 0 
0 0 10 12 0 0 0 0 0 0 0 0 0 0 10 12 0 0 0 0 0 0 0 0 0 0 10 92 0 0 0 0 0 0 0 0 0 0 90 92 0 0 0 0 0 0 0 0
0 4 0 0 14 0 0 0 0 0 0 0 0 4 0 0 14 0 0 0 0 0 0 0 0 4 0 0 94 0 0 0 0 0 0 0 0 4 0 0 94 0 0 0 0 0 0 0
0 0 9 0 0 20 0 0 0 0 0 0 0 0 9 0 0 20 0 0 0 0 0 0 0 0 99 0 0 90 0 0 0 0 0 0 0 0 9 0 0 90 0 0 0 0 0 0
0 0 0 7 0 4 0 0 0 0 0 0 0 0 0 0 0 4 0 0 0 0 0 0 0 0 0 97 0 94 0 0 0 0 0 0 0 0 0 97 0 94 0 0 0 0 0 0
0 0 0 0 9 0 0 0 0 0 0 0 0 0 0 0 0 0 0 0 0 0 0 0 0 0 0 0 9 0 0 6 0 0 0 0 0 0 0 0 9 0 0 96 0 0 0 0
0 0 0 0 0 0 0 0 0 0 0 0 0 0 0 0 0 0 0 0 0 0 0 0 0 0 0 0 0 0 0 0 94 0 0 0 0 0 0 0 0 0 0 0 94 0 0 0
0 0 0 0 0 0 0 0 0 0 0 0 0 0 0 0 0 0 0 0 0 0 0 0 0 0 0 0 0 0 0 0 0 0 92 0 0 0 0 0 0 0 0 0 0 0 92 0
0 0 0 0 0 0 0 0 0 0 0 0 0 0 0 0 0 0 0 0 0 0 0 9 0 0 0 0 0 0 0 0 0 0 0 9 0 0 0 0 0 0 0 0 0 0 0 99
0 0 0 0 0 0 0 0 0 0 0 0 0 0 0 0 0 0 0 0 0 0 0 9 0 0 0 0 0 0 0 0 0 0 0 9 0 0 0 0 0 0 0 0 0 0 0 99
0 0 0 0 0 0 0 0 0 0 9 0 0 0 0 0 0 0 0 0 0 0 9 0 0 0 0 0 0 0 0 0 0 0 89 92 0 0 0 0 0 0 0 0 0 0 99 99
0 0 0 0 0 0 0 0 0 0 0 0 0 0 0 0 0 0 0 0 0 0 0 0 0 0 0 0 0 0 0 0 0 0 0 0 0 0 0 0 0 0 0 0 0 0 0 0













































